pgt_12scenes_apt1_kitchen -2.600475 -2.422589 0.978807
pgt_12scenes_apt1_living -0.386516 1.795564 0.520901
pgt_12scenes_apt2_bed 0.679181 -3.848543 0.334536
pgt_12scenes_apt2_kitchen -0.101284 -0.154925 0.993257
pgt_12scenes_apt2_living 0.340335 -0.140383 0.369327
pgt_12scenes_apt2_luke 0.189837 3.651691 0.698627
pgt_12scenes_office1_gates362 -5.952045 -0.964064 0.737907
pgt_12scenes_office1_gates381 5.279579 2.247005 0.632991
pgt_12scenes_office1_lounge -0.183246 0.843424 0.521649
pgt_12scenes_office1_manolis 0.446377 -0.090508 0.718739
pgt_12scenes_office2_5a 0.286177 7.062293 0.403372
pgt_12scenes_office2_5b 0.744445 0.965503 0.558816